BaseModel:
1	-0.693147	2.000000	[2.0, 2.0, 2.0, 2.0, 2.0]	[[2.0, 2.0, 2.0, 2.0, 2.0], [1.0, 1.0, 1.0, 1.0, 1.0]]	[0, 0, 0, 0, 0]
2	-0.693147	2.000000	[2.0, 2.0, 2.0, 2.0, 2.0]	[[2.0, 2.0, 2.0, 1.0, 2.0], [1.0, 1.0, 1.0, 2.0, 1.0]]	[0, 0, 0, 1, 0]
3	-0.693147	2.000000	[2.0, 2.0, 2.0, 2.0, 2.0]	[[1.0, 2.0, 2.0, 2.0, 2.0], [2.0, 1.0, 1.0, 1.0, 1.0]]	[1, 0, 0, 0, 0]


ClickModel:
1	0.000000	1.000000	[1.0, 1.0, 1.0, 1.0, 0.9999999999999999]	[[1.0, 1.0, 1.0, 1.0, 0.9999999999999999], [1.0, 1.0, 1.0, 1.0, 1.0]]	[0, 0, 0, 0, 0]
2	-0.074913	1.090871	[1.0, 1.0, 1.0, 1.454357051235578, 1.0]	[[1.0, 1.0, 1.0, 1.0, 1.0], [1.0, 1.0, 1.0, 1.454357051235578, 1.0]]	[0, 0, 0, 1, 0]
3	0.000000	1.000000	[1.0, 1.0, 1.0, 1.0, 1.0]	[[1.0, 1.0, 1.0, 1.0, 1.0], [1.0, 1.0, 1.0, 1.0, 1.0]]	[1, 0, 0, 0, 0]
